alpha,arousal1,betha,theta,gamma,valence1
3.3,0.303,3.38,3.58,2.18,-0.0211
3.36,0.298,3.38,4.02,2.23,-0.00237
3.42,0.293,3.39,4.29,2.42,0.00173
3.37,0.297,3.38,4.45,2.42,0.00359
3.38,0.296,3.29,4.89,2.45,0.00983
3.52,0.284,3.08,5.23,2.43,-0.00393
3.61,0.277,2.96,5.31,2.33,-0.0224
3.54,0.282,2.93,5.33,2.27,-0.0353
3.56,0.281,2.8,5.34,2.24,-0.024
3.71,0.269,2.7,5.33,2.18,-0.00678
3.92,0.255,3.1,5.31,2.1,0.00138
4.01,0.249,3.21,5.27,2.16,-0.00121
3.99,0.25,3.28,5.16,2.26,-0.00904
3.99,0.251,3.28,5.1,2.02,-0.0123
3.96,0.252,3.33,5.03,1.95,-0.0133
3.95,0.253,3.36,4.59,1.86,-0.0126
3.93,0.254,3.26,3.94,1.92,-0.000265
4,0.25,3.32,4.02,1.92,0.0119
4.01,0.25,3.31,4.16,1.97,0.0152
3.9,0.257,3.32,4.19,1.98,0.0126
3.74,0.268,3.1,4.33,2.04,0.00376
3.6,0.278,2.93,4.58,2.04,0.00232
3.63,0.275,2.75,4.62,2.07,0.0134
3.67,0.272,2.69,4.6,2.02,0.0298
3.74,0.268,2.74,4.75,2.07,0.043
3.84,0.261,2.58,5.03,2.13,0.0499
3.82,0.262,2.61,5.16,2.16,0.0546
3.72,0.269,2.81,5.13,2.27,0.058
3.62,0.276,2.91,5.04,2.27,0.0601
3.71,0.269,2.99,4.99,2.3,0.0492
3.75,0.266,3.05,4.99,2.46,0.0452
3.71,0.27,3.22,4.86,2.53,0.0488
3.54,0.283,3.3,4.7,2.61,0.0489
3.4,0.295,3.44,4.67,2.65,0.0302
3.37,0.297,3.52,4.62,2.54,0.00661
3.29,0.304,3.57,4.24,2.53,-0.00953
3.09,0.324,3.55,3.4,2.52,-0.0252
2.78,0.36,3.59,2.85,2.43,-0.0489
2.68,0.373,3.48,2.9,2.43,-0.052
2.44,0.41,3.42,2.73,2.43,-0.0705
2.01,0.498,3.56,2.73,2.38,-0.102
2.07,0.483,3.49,2.64,2.28,-0.0921
2.45,0.408,3.39,2.51,2.24,-0.0652
2.67,0.374,3.27,2.74,2.08,-0.0384
2.7,0.371,3.19,3.41,2.06,-0.0158
2.69,0.371,3.16,4.4,2.11,-0.00386
3.19,0.313,3.09,4.99,2.09,0.0045
3.67,0.273,3.2,5.09,2.12,0.0163
3.93,0.254,3.15,5.14,2.08,0.0189
4.07,0.246,3.12,5.22,2.06,0.0199
4.09,0.244,3.07,5.25,2.08,0.0212
4.12,0.243,2.97,5.26,2.24,0.0201
4.12,0.243,2.93,5.26,2.28,0.022
4.08,0.245,3.01,5.26,2.29,0.025
4.09,0.244,3.37,5.26,2.37,0.0235
4.22,0.237,3.44,5.23,2.28,0.0158
4.24,0.236,3.43,4.98,2.29,0.0103
4.08,0.245,3.38,4.57,2.3,0.00538
3.84,0.261,3.38,4.56,2.21,0.000244
3.52,0.284,3.41,4.63,2.22,-0.0153
3.52,0.284,3.46,4.63,2.2,-0.0218
3.63,0.276,3.47,4.64,2.02,-0.015
3.64,0.275,3.64,4.69,2.07,-0.0115
3.69,0.271,3.67,5.19,2.11,-0.00401
3.9,0.256,3.52,5.6,1.97,0.00868
3.94,0.254,3.29,5.69,1.8,0.0189
3.79,0.264,3.23,5.67,1.94,0.0389
3.71,0.269,3.31,5.64,1.94,0.0536
3.78,0.265,3.43,5.58,1.94,0.0505
3.83,0.261,3.41,5.5,2.03,0.0471
3.78,0.265,3.46,5.45,2.08,0.0481
3.65,0.274,3.45,5.45,2.07,0.0503
3.59,0.279,3.3,5.45,2.09,0.0488
3.51,0.285,3.24,5.29,2.22,0.0479
3.28,0.305,3.2,4.69,2.16,0.0436
2.94,0.34,3.2,4.16,2.18,0.0368
2.57,0.389,3.28,4.16,2.2,-0.0189
2.62,0.381,3.29,4.17,2.13,-0.0467
2.62,0.382,3.34,4.08,2.23,-0.0537
2.56,0.391,3.25,4.31,2.23,-0.0774
2.59,0.386,3.14,4.76,2.12,-0.0715
2.65,0.377,3.14,5,2.18,-0.0446
2.64,0.378,3.1,5.05,2.25,-0.0287
2.64,0.379,3.08,5.07,2.2,-0.0282
2.63,0.381,3.01,5.08,2.08,-0.0259
2.65,0.378,3.06,5.01,2.06,-0.0217
2.69,0.371,3.27,4.93,2.11,-0.00864
2.8,0.358,3.27,4.89,2.14,0.0118
2.98,0.336,3.25,4.87,2.03,0.0244
3.05,0.328,3.01,4.9,1.97,0.0298
3.03,0.33,2.95,4.76,1.99,0.0279
3.08,0.325,2.93,4.22,1.99,0.0249
3.18,0.314,2.9,3.55,1.9,0.0217
3.28,0.305,3.04,3.9,1.83,0.02
3.46,0.289,3.06,4.73,1.85,0.017
3.59,0.278,3.12,5.15,1.87,0.0122
3.63,0.275,3.03,5.22,1.87,0.0099
3.58,0.279,2.64,5.21,1.82,0.0101
3.52,0.284,2.65,5.24,1.86,0.0101
3.53,0.283,2.83,5.32,1.86,0.0166
3.5,0.286,2.85,5.38,1.86,0.028
3.44,0.291,2.94,5.43,1.95,0.0358
3.33,0.3,3.1,5.44,2.08,0.0405
3.29,0.304,3.15,5.43,2.01,0.0394
3.23,0.31,3.07,5.3,2.02,0.0463
3.04,0.329,3.03,4.83,2.11,0.0649
2.82,0.355,3.02,4.29,2.12,0.11
3.62,0.276,3.75,3.6,2.46,0.0282
3.63,0.276,3.73,3.37,2.43,0.0292
3.39,0.295,3.7,3.44,2.38,0.0301
3.07,0.326,3.6,3.45,2.37,0.0183
3.1,0.322,3.63,3.51,2.3,-0.0109
3.44,0.291,3.57,3.45,2.13,-0.0294
3.7,0.27,3.52,3.47,1.98,-0.0365
3.81,0.262,3.69,3.61,1.99,-0.0362
3.84,0.261,3.61,3.55,2,-0.0299
3.86,0.259,3.66,3.63,1.96,-0.0267
3.83,0.261,3.36,3.69,1.81,-0.025
3.83,0.261,3.44,3.62,1.87,-0.0205
3.8,0.263,3.44,3.44,1.88,-0.0177
3.79,0.264,3.47,3.41,1.94,-0.0172
3.82,0.262,3.33,3.43,1.88,-0.015
3.74,0.268,3.38,3.3,1.9,-0.0127
3.37,0.297,3.43,3.26,1.88,0.00344
2.93,0.341,3.45,3.24,1.75,0.0667
2.84,0.352,3.2,3.92,1.7,0.0738
2.72,0.368,3.18,4.28,1.69,0.043
2.83,0.353,3.14,4.41,1.68,0.025
2.78,0.359,3.15,4.62,1.78,0.0153
2.65,0.378,2.92,4.75,1.7,0.0115
2.56,0.391,2.97,4.77,1.88,0.00296
2.56,0.391,3.01,4.77,1.93,-0.00883
2.82,0.354,3.04,4.8,2.02,0.00291
2.96,0.337,2.88,4.82,2.1,0.0211
3,0.333,2.99,4.82,2.27,0.0119
3.17,0.315,3.03,4.71,2.32,-0.00517
3.23,0.31,3.02,4.43,2.5,-0.00198
3.17,0.315,2.97,4.19,2.53,0.0072
3.09,0.324,3.04,3.97,2.55,0.0103
2.99,0.334,3.28,3.62,2.52,0.00613
2.98,0.336,3.3,3.38,2.57,0.003
3.02,0.331,3.28,3.57,2.45,0.00568
2.9,0.345,3.25,4.43,2.37,0.0029
2.81,0.356,3.21,5.06,2.44,-0.0335
2.99,0.335,3.24,5.21,2.38,-0.0409
2.95,0.339,3.22,5.23,2.2,-0.031
2.65,0.377,3.2,5.27,2.2,-0.0077
2.58,0.387,3.23,5.3,2.04,0.0128
2.67,0.375,3.31,5.3,2.07,0.0302
2.83,0.353,3.1,5.3,2.04,0.0242
2.99,0.334,2.92,5.31,2.02,0.00887
3,0.333,2.85,5.32,1.95,0.00262
2.98,0.336,2.9,5.24,2.35,-0.0037
2.99,0.334,2.92,4.84,2.57,0.00948
2.79,0.358,3.12,4.1,2.46,0.0209
2.66,0.376,3.11,3.83,2.49,0.0222
2.82,0.355,3.02,3.93,2.46,0.0184
2.85,0.351,3.02,3.75,2.41,0.0199
2.8,0.357,3.03,3.76,2.39,0.0154
2.67,0.375,3.05,4.18,2.51,0.00857
2.46,0.407,3.16,4.73,2.66,0.0119
2.39,0.418,3.16,5.08,2.73,0.0245
2.47,0.405,3.27,5.17,2.76,0.0279
2.64,0.379,3.19,5.25,2.49,0.0077
2.68,0.374,3.17,5.34,2.49,-0.0128
2.67,0.375,3.03,5.37,2.52,-0.0102
2.9,0.345,3.02,5.36,2.6,-0.0472
3.35,0.298,3.08,5.41,2.71,-0.0565
3.54,0.283,3.07,5.44,2.76,-0.043
3.61,0.277,3.18,5.43,2.83,-0.0331
3.65,0.274,2.98,5.29,2.7,-0.0241
3.67,0.273,2.98,4.93,2.63,-0.0156
3.66,0.273,2.95,4.57,2.56,-0.0146
3.6,0.278,2.88,4.54,2.53,-0.0167
3.54,0.282,2.93,4.42,2.55,-0.0194
3.53,0.283,2.95,4.12,2.75,-0.0209
3.47,0.289,2.88,4.05,2.71,-0.0152
3.16,0.316,2.87,4.04,2.61,0.0082
2.67,0.375,2.76,4.11,2.51,0.0611
2.22,0.449,2.73,4.11,2.34,0.0823
2.24,0.446,2.64,4.03,2.33,0.0395
2.44,0.41,2.71,4.06,2.48,0.0267
2.42,0.414,2.81,4.21,2.47,0.00293
2.84,0.352,3.03,4.55,2.52,-0.0776
3.09,0.323,3.22,4.69,2.55,-0.104
3.15,0.317,3.29,4.67,2.37,-0.106
3.18,0.315,3.29,4.69,2.07,-0.097
3.21,0.312,3.25,4.71,2.19,-0.0943
3.23,0.309,3.32,4.64,2.21,-0.104
3.28,0.305,3.35,4.53,2.26,-0.114
3.31,0.302,3.31,4.56,2.33,-0.114
3.21,0.312,3.45,4.57,2.36,-0.135
3.16,0.317,3.44,4.57,2.13,-0.178
3.17,0.315,3.45,4.47,2.13,-0.178
3.11,0.322,3.19,4.09,2,-0.132
2.98,0.335,3.09,3.84,1.99,-0.107
2.97,0.337,3.04,3.93,2.02,-0.0989
2.97,0.337,3.09,3.98,1.97,-0.117
2.99,0.334,3.07,3.96,1.85,-0.122
3.04,0.329,3.22,3.86,1.88,-0.0905
3.03,0.33,3.2,3.74,1.84,-0.0628
2.98,0.336,3.16,3.63,1.9,-0.0618
2.94,0.34,2.9,3.59,1.82,-0.0695
2.92,0.342,2.86,3.59,1.88,-0.0606
2.76,0.362,2.94,3.7,1.82,-0.0492
2.53,0.395,3.03,3.74,1.8,-0.0261
2.94,0.341,3.18,4.35,1.82,0.0207
3.28,0.305,3.16,4.91,1.82,0.0285
3.39,0.295,3.15,5.04,1.86,0.0262
3.38,0.296,3.06,5.01,1.81,0.0274
3.29,0.304,2.99,5.03,1.79,0.0278
3.24,0.309,3.03,5.04,1.67,0.0289
3.24,0.309,3.05,5.05,1.74,0.0292
3.31,0.302,3.07,5.06,1.97,0.0282
3.87,0.259,3.67,4.32,2.33,0.0111
3.87,0.259,3.35,4.18,2.02,0.0157
3.87,0.259,3.27,3.97,2,0.0159
3.9,0.257,3.26,3.89,1.95,0.0162
3.97,0.252,3.27,3.84,1.92,0.0145
3.93,0.255,3.34,3.96,2.04,0.0143
3.69,0.271,3.5,4.37,2.15,0.0199
3.49,0.286,3.54,4.51,2.17,0.0254
3.58,0.279,3.51,4.64,2.02,0.0209
3.54,0.282,3.4,4.84,1.91,0.00456
3.34,0.3,3.35,5.01,1.9,-0.0233
3.29,0.304,3.33,5.16,1.95,-0.0484
3.31,0.302,3.34,5.29,2.01,-0.0561
3.3,0.303,3.28,5.33,1.98,-0.0604
3.17,0.316,3.36,5.35,2.14,-0.0742
3.05,0.328,3.45,5.35,2.16,-0.0921
3.05,0.327,3.29,5.31,2.01,-0.102
3.06,0.327,3.07,5.23,1.93,-0.1
2.82,0.354,3.06,5.19,1.91,-0.0982
2.62,0.382,3.06,5.13,2.07,-0.0958
2.51,0.399,3.06,5.02,2.14,-0.086
2.43,0.411,3.06,4.87,2.15,-0.101
2.42,0.413,3.51,4.72,2.3,-0.128
2.38,0.42,3.46,4.77,2.3,-0.129
2.59,0.386,3.42,5.03,2.31,-0.0653
2.86,0.35,3.32,5.13,2.24,-0.00991
2.8,0.357,3.3,5.12,2.25,0.0152
2.81,0.356,3.28,5.04,2.31,0.00369
2.88,0.348,3.32,4.95,2.34,-0.00614
3.02,0.332,3.43,4.81,2.45,-0.0245
3.18,0.314,3.55,4.78,2.33,-0.0412
3.18,0.314,3.55,4.89,2.28,-0.0397
3.2,0.312,3.52,4.92,2.15,-0.0352
3.18,0.315,3.12,4.93,2.01,-0.0365
3.24,0.309,3.13,4.77,1.97,-0.028
3.25,0.308,3.13,4.42,1.86,-0.036
3.2,0.312,3.17,4.34,1.85,-0.0455
3.28,0.305,3.32,4.4,1.97,-0.0484
3.52,0.284,3.32,4.4,1.99,-0.045
3.76,0.266,3.32,4.39,1.88,-0.0318
3.87,0.258,2.97,4.41,1.65,-0.0203
3.87,0.258,2.92,4.54,1.69,-0.0115
3.96,0.252,2.96,4.54,1.71,-0.0108
4.04,0.248,3.04,4.54,1.85,-0.0137
4.09,0.244,3.02,4.54,1.89,-0.0186
4.13,0.242,3.03,4.43,1.9,-0.0185
4.16,0.24,3.07,4.36,1.89,-0.0142
4.19,0.239,3.01,4.27,1.76,-0.0103
4.14,0.242,2.87,4.25,1.59,-0.00711
3.98,0.251,3.01,4.26,1.69,-0.002
3.86,0.259,2.93,4.78,1.73,0.00797
3.87,0.259,2.96,5.27,1.88,0.012
3.9,0.256,3.12,5.4,2.09,0.0125
3.87,0.259,3.05,5.44,2.09,0.00951
3.83,0.261,3.03,5.43,2.05,0.0121
3.75,0.267,3.04,5.41,2.06,0.0187
3.61,0.277,3.04,5.41,2.07,0.0154
3.46,0.289,2.99,5.41,2.05,0.00566
3.44,0.291,2.93,5.4,2.02,0.00018
3.44,0.291,2.96,5.38,2.14,0.00243
3.35,0.298,3.08,5.36,2.11,-0.00316
3.09,0.324,3.16,5.03,2.13,-0.0154
2.78,0.36,3.12,4.28,1.87,-0.0286
2.79,0.358,2.98,3.52,1.85,-0.0214
2.89,0.346,2.96,3.24,1.73,0.00365
2.88,0.347,2.89,3.31,1.73,0.0212
2.94,0.34,2.87,3.34,1.8,0.00627
2.97,0.336,3.3,3.42,2.15,-0.00445
3.05,0.328,3.29,3.71,2.21,-0.0131
3.17,0.315,3.31,4,2.22,-0.0235
3.2,0.312,3.29,4.02,2.13,-0.0296
3.29,0.304,3.25,3.96,2.14,-0.0292
3.67,0.272,3.22,4.02,2.08,-0.0343
3.85,0.26,3.23,4.38,2.02,-0.0454
3.78,0.265,3.29,4.56,2.28,-0.0627
3.75,0.267,3.33,4.55,2.46,-0.0709
3.72,0.269,3.35,4.55,2.46,-0.0673
3.73,0.268,3.34,4.54,2.26,-0.0633
3.76,0.266,3.08,4.54,2.19,-0.0639
3.7,0.27,3.21,4.51,2.2,-0.0646
3.76,0.266,3.08,4.5,2.22,-0.052
3.88,0.258,3.05,4.74,2.23,-0.0471
3.73,0.268,3.17,5.1,2.25,-0.0525
3.34,0.299,3.11,5.34,2.3,-0.0677
3.12,0.321,3.11,5.31,2.33,-0.0611
3.14,0.318,3.03,5.3,1.95,-0.0307
3.17,0.316,3.02,5.4,1.82,-0.026
3.12,0.32,3,5.45,1.8,-0.025
3.08,0.324,2.98,5.48,1.75,-0.00113
3.16,0.317,2.76,5.5,1.79,0.0262
3.18,0.314,2.95,5.45,1.97,0.0347
2.8,0.357,2.99,5.37,1.91,0.0707
2.72,0.367,2.97,5.27,1.91,0.108
2.78,0.359,2.77,5.1,1.92,0.113
2.79,0.359,2.76,4.88,1.84,0.114
2.74,0.365,2.79,4.71,1.72,0.11
2.69,0.372,2.8,4.5,1.68,0.121
2.68,0.374,2.92,4.3,1.71,0.135
2.89,0.346,2.97,4.28,1.69,0.113
3.23,0.31,3.11,4.19,1.69,0.051
3.27,0.306,3.03,4.06,1.44,0.0187
3.25,0.307,2.85,4.09,1.79,0.015
3.3,0.303,2.96,4.14,1.82,0.0182
3.36,0.298,2.87,4.11,1.83,0.0137
3.36,0.298,2.87,3.85,1.97,0.00717
3.36,0.298,2.9,3.53,2.06,0.00661
3.36,0.298,3.02,3.54,2.09,0.00432
3.48,0.288,3.73,3.98,2.32,0.0259
3.46,0.289,3.7,3.85,2.26,0.023
3.48,0.287,3.64,3.75,2.19,0.0178
3.48,0.287,3.52,3.87,2.11,0.0114
3.44,0.291,3.27,4.15,1.87,0.00241
3.38,0.296,2.84,4.25,1.78,0.005
3.08,0.325,2.71,4.23,1.75,0.0173
2.51,0.399,2.64,4.29,1.69,0.017
2.64,0.379,2.64,4.32,1.7,-0.0222
3.18,0.314,2.63,4.76,1.74,-0.0276
3.43,0.292,2.65,5.15,1.95,-0.0281
3.6,0.278,2.71,5.24,2.12,-0.0199
3.67,0.272,2.72,5.24,2.16,-0.0127
3.67,0.272,2.73,5.29,2.19,-0.00953
3.73,0.268,2.88,5.29,2.17,-0.0093
3.86,0.259,2.91,5.21,2.16,-0.0107
3.87,0.258,2.95,5.15,2.22,-0.014
3.92,0.255,3,5.11,2.23,-0.0148
3.97,0.252,3.02,5.06,2.2,-0.0128
3.88,0.258,2.95,5.03,2.27,-0.0132
3.61,0.277,2.94,4.78,2.23,-0.0128
3.39,0.295,2.93,4.25,2.25,-0.0154
3.29,0.304,2.84,4.04,2.29,-0.0217
3.19,0.314,3.04,3.99,2.37,-0.0299
3.21,0.312,3.03,3.79,2.49,-0.0297
3.08,0.324,2.92,3.86,2.55,-0.03
2.9,0.344,2.82,4.04,2.52,-0.0251
2.85,0.351,2.77,4.09,2.51,-0.0164
2.82,0.354,2.7,4.07,2.47,-0.019
2.88,0.348,2.75,4.07,2.49,-0.0338
2.92,0.342,2.76,4.03,2.45,-0.0419
2.9,0.345,3.01,3.84,2.34,-0.0329
2.92,0.343,3.02,3.68,2.23,-0.0352
2.97,0.337,2.94,3.62,2.06,-0.0531
2.98,0.336,2.82,3.58,1.97,-0.0542
2.92,0.343,2.74,3.64,1.72,-0.0499
2.85,0.351,2.74,3.64,1.62,-0.0667
2.84,0.352,2.72,3.64,1.57,-0.0739
2.77,0.361,2.72,3.62,1.5,-0.0676
2.64,0.379,2.83,3.59,1.79,-0.0488
2.48,0.403,2.79,3.59,1.87,-0.0137
2.45,0.409,2.7,3.53,1.93,0.0164
2.41,0.414,2.58,3.47,1.95,0.0202
2.25,0.444,2.73,3.47,1.97,0.0595
2.24,0.446,2.84,3.46,1.92,0.0941
2.16,0.462,2.83,3.47,1.92,0.0906
2.34,0.428,2.97,3.47,1.93,0.0595
2.61,0.383,3.06,3.23,2.04,0.0265
2.88,0.347,3.17,3.14,2.07,0.00321
3.2,0.313,3.18,3.33,2.03,-0.0165
3.42,0.293,3.14,3.45,1.85,-0.0237
3.5,0.285,3.1,3.45,1.9,-0.0219
3.54,0.283,3.06,3.45,1.98,-0.0172
3.54,0.282,3.11,3.56,2.01,-0.0131
3.53,0.283,3.07,3.64,2.06,-0.0102
3.53,0.284,3.06,3.68,2.16,-0.0093
3.53,0.283,3.11,4.03,2.25,-0.00492
3.5,0.286,3.08,4.28,2.29,0.00246
3.4,0.294,2.96,4.31,2.15,0.00896
3.23,0.31,3.05,4.42,2.18,0.0156
3.09,0.324,3.02,4.56,2.17,0.0206
2.93,0.341,3.05,4.58,2.18,0.0232
2.84,0.352,3.16,4.58,2.07,0.018
2.85,0.351,3.09,4.6,1.91,0.00874
2.95,0.339,3.06,4.64,1.8,0.00298
3.05,0.328,3.19,4.74,1.82,0.00837
3.04,0.329,3.22,4.79,1.86,0.00591
3.05,0.327,3.33,4.65,1.82,-0.0018
3.12,0.321,3.41,4.48,1.9,-0.0137
3.23,0.31,3.5,4.42,1.93,-0.0286
3.18,0.314,3.51,4.3,1.97,-0.0205
3.13,0.319,3.49,4.25,1.96,-0.00882
3.16,0.316,3.5,4.27,1.87,-0.0173
3.18,0.314,3.65,4.24,2.05,-0.021
3.32,0.301,3.7,4.32,2.09,-0.00656
3.34,0.299,3.68,4.6,2.15,-0.00703
3.33,0.301,3.58,4.66,2.09,-0.0147
3.34,0.299,3.47,4.61,2.03,-0.00957
3.29,0.304,3.34,4.66,1.87,-0.00753
3.22,0.311,3.22,4.66,1.95,-0.00869
3.34,0.3,3.15,4.59,2.03,-0.0119
3.52,0.284,3.25,4.47,1.98,-0.0202
3.5,0.286,3.27,4.42,1.95,-0.0207
3.5,0.286,3.24,4.42,1.95,-0.0123
3.46,0.289,2.98,4.45,1.81,-0.0153
3.35,0.299,2.99,4.28,1.87,-0.0268
3.26,0.307,2.99,3.9,1.72,-0.0285
3.24,0.309,2.96,3.86,1.72,-0.031
3.25,0.308,2.94,4.18,1.78,-0.0398
3.42,0.292,2.99,4.46,1.81,-0.022
3.41,0.293,3,4.53,1.77,-0.0101
3.2,0.312,2.82,4.52,1.65,-0.00106
2.94,0.34,2.68,4.49,1.69,0.0165
2.88,0.347,2.67,4.51,1.73,0.0125
2.84,0.352,2.76,4.56,1.71,0.00689
2.75,0.363,2.72,4.55,1.74,0.0206
2.77,0.362,2.81,4.45,1.61,0.00319
2.95,0.339,3.02,4.35,1.73,-0.0196
3.17,0.315,3.1,4.19,1.81,-0.0221
3.31,0.302,3.16,3.62,1.79,-0.0328
3.36,0.298,3.04,3.02,1.74,-0.0558
3.35,0.298,3.08,2.87,1.84,-0.0684
3.36,0.298,3.07,2.95,1.86,-0.0688
3.37,0.297,3.05,3.04,1.8,-0.0666
3.48,0.287,3.11,3.09,1.75,-0.0593
3.55,0.282,3.14,2.85,1.97,-0.0685
3.54,0.283,3.21,2.67,2.03,-0.0706
3.56,0.281,3.46,4.4,1.97,-0.0186
3.67,0.273,3.43,4.42,1.85,-0.0288
3.51,0.285,3.38,4.59,1.74,-0.035
3.36,0.297,3.41,4.61,1.78,-0.0409
3.41,0.293,3.4,4.45,1.75,-0.0425
3.47,0.289,3.48,4.38,1.8,-0.0417
3.5,0.286,3.49,4.57,1.75,-0.0415
3.47,0.288,3.37,4.79,1.81,-0.0418
3.47,0.288,3.03,4.99,1.65,-0.0403
3.45,0.29,2.86,5.16,1.66,-0.0402
3.36,0.298,2.8,5.29,1.71,-0.0317
3.28,0.305,2.65,5.38,1.66,-0.00897
3.33,0.3,2.66,5.33,1.74,0.000925
3.37,0.296,2.7,5.24,1.74,0.000461
3.32,0.302,2.66,5.21,1.74,0.00835
3.23,0.31,2.66,5.21,1.68,0.0216
3.16,0.317,2.6,5.14,1.57,0.028
3.13,0.32,2.6,5.01,1.6,0.0345
3.26,0.307,2.8,4.85,1.58,0.0403
3.31,0.302,2.87,4.6,1.56,0.0485
3.4,0.294,2.86,4.38,1.6,0.0436
3.56,0.281,2.93,4.05,1.54,0.0269
3.62,0.276,3.06,3.61,1.59,0.0181
3.57,0.28,3.09,3.42,1.46,0.0156
3.56,0.281,3.1,3.38,1.87,0.0154
3.58,0.279,3.3,3.6,1.93,0.0171
3.59,0.279,3.31,3.92,1.97,0.019
3.61,0.277,3.3,4.07,2,0.0161
3.67,0.273,3.34,3.95,2.11,0.0111
3.67,0.273,3.29,3.87,2.13,0.00878
3.66,0.274,3.5,3.89,2.16,0.00553
3.59,0.278,3.52,3.88,2.08,0.0156
3.5,0.286,3.54,4.1,2.09,0.0187
3.62,0.276,3.46,4.37,2.1,0.00149
3.62,0.276,3.44,4.48,2.13,-0.000951
3.55,0.282,3.35,4.57,1.81,0.00229
3.54,0.283,3.52,4.88,1.8,0.00918
3.65,0.274,3.67,5.31,1.83,0.0152
3.68,0.271,3.68,5.57,1.85,0.0187
3.58,0.279,3.64,5.64,1.68,0.0254
3.51,0.284,3.63,5.66,1.74,0.027
3.58,0.279,3.65,5.68,1.73,0.0309
3.57,0.28,3.6,5.69,1.73,0.0306
3.39,0.295,3.57,5.63,1.7,0.0467
3.36,0.298,3.61,5.56,1.77,0.0618
3.35,0.298,3.6,5.53,1.71,0.0708
3.33,0.3,3.55,5.47,1.75,0.066
3.25,0.308,3.23,5.21,1.86,0.0416
3.08,0.325,3.15,4.72,1.85,0.0264
3.08,0.325,3.17,4.41,1.86,0.0204
3.1,0.322,3.19,4.37,1.94,0.0143
3.12,0.321,3.07,4.31,1.97,-0.00349
3.19,0.313,2.95,4.19,2.01,-0.0216
3.27,0.306,2.91,4.15,2.11,-0.0112
3.09,0.324,2.89,4.2,2.12,-0.00886
2.96,0.338,2.8,4.25,2.08,-0.0242
3.05,0.328,2.89,4.27,2.11,-0.0198
3.16,0.317,2.9,4.17,2.07,-0.00198
3.16,0.316,2.89,4.09,2.01,0.00451
3.18,0.314,2.93,4.06,2.08,0.011
3.25,0.308,2.81,3.92,2.04,0.0138
3.3,0.303,2.85,3.86,2.07,0.0148
3.21,0.312,3.01,3.84,1.98,0.017
3.07,0.326,2.99,3.97,2.03,0.0214
3.23,0.31,3.05,4.03,1.93,0.0136
3.4,0.294,3.1,4.07,1.92,0.0141
3.34,0.3,3.18,4.18,1.97,0.023
3.24,0.309,3.15,4.25,1.96,0.0156
3.21,0.312,3.14,4.23,1.96,0.00145
3.27,0.306,3.11,4.2,2.05,0.00356
3.22,0.31,3.09,4.12,1.97,0.0125
3.12,0.321,3.1,4.09,1.9,0.00833
3.12,0.321,3.03,4.07,1.76,-0.00508
3.15,0.317,2.89,4.04,1.93,-0.0113
3,0.333,2.86,3.9,2,-0.0249
2.57,0.39,2.79,3.84,2.11,-0.0628
2.55,0.392,2.85,3.78,2.09,-0.0293
2.77,0.36,2.75,3.53,2.07,-0.00655
2.8,0.357,2.76,3.59,2.05,0.00041
2.72,0.368,2.79,3.86,2.01,0.00652
2.6,0.385,2.85,3.89,2.1,-0.00704
2.59,0.385,2.84,3.82,2.07,-0.0122
2.63,0.38,2.86,3.79,2.1,0.000953
2.66,0.376,2.94,3.79,2.15,0.00996
2.72,0.368,2.95,3.8,2.08,0.00671
2.75,0.364,3,3.8,2,0.00927
2.83,0.354,3.12,3.74,1.88,0.00423
2.9,0.345,3.06,3.78,2.12,-0.00542
2.87,0.348,3.14,3.97,2.17,-0.00466
3.08,0.325,3.15,4.05,2.16,-0.00355
3.26,0.307,3.23,3.99,2.16,-0.00738
3.29,0.304,3.23,3.94,2.07,-0.00177
3.44,0.291,3.22,4.03,2.07,-0.00252
3.71,0.27,3.12,4.3,2.04,-0.00562
3.77,0.265,3.03,4.56,1.89,-0.00184
3.77,0.265,2.97,4.68,1.83,-0.000725
3.78,0.265,2.9,4.78,1.82,-0.00133
3.77,0.265,2.73,4.82,1.87,0.000807
3.72,0.269,2.69,4.78,1.6,0.00339
3.65,0.274,2.68,4.69,1.67,0.000538
3.55,0.282,2.54,4.62,1.76,-0.00032
3.54,0.282,2.52,4.7,1.91,-0.00279
3.62,0.276,2.5,4.85,1.99,-0.0125
3.41,0.294,2.57,4.87,2.09,-0.0103
3.12,0.321,2.59,4.74,2.11,-0.0152
3.03,0.33,2.68,4.59,2.11,-0.0129
3.06,0.327,2.6,4.54,2.06,-0.00423
3.69,0.271,4.06,3.91,3.07,0.0214
3.71,0.27,4.05,3.9,3.09,0.0239
3.71,0.269,4.11,3.96,3.1,0.0237
3.8,0.263,4.12,4.41,3.1,0.0207
3.86,0.259,4.05,4.83,3.12,0.02
3.78,0.265,4.01,5,3.13,0.0214
3.66,0.273,3.97,5.02,3.1,0.0263
3.66,0.274,3.54,4.98,2.78,0.0306
3.66,0.273,3.23,4.96,2.77,0.02
3.49,0.286,3.22,4.96,2.54,-0.00574
3.39,0.295,3.17,4.97,2.26,-0.0249
3.42,0.293,3.11,4.99,2.29,-0.022
3.48,0.288,2.96,4.99,2.22,-0.0144
3.43,0.291,2.78,4.93,2.16,-0.00767
3.24,0.309,2.95,4.53,2.04,0.00836
2.94,0.341,2.97,3.83,1.98,0.0378
2.92,0.342,2.99,3.53,2,0.0553
2.89,0.346,3.09,3.57,2.12,0.0536
2.72,0.368,3.08,3.51,2.1,0.0695
2.62,0.381,3,3.57,2.2,0.14
2.67,0.375,2.96,3.75,2.14,0.184
2.56,0.39,2.92,3.74,2.18,0.17
2.36,0.423,2.94,3.73,2.13,0.14
2.46,0.407,2.88,3.83,2.09,0.0871
2.53,0.395,3.02,3.9,2.26,0.0715
2.47,0.405,3.03,3.88,2.29,0.0452
2.56,0.391,3.01,3.85,2.24,-0.00778
2.83,0.353,3.02,3.8,2.19,-0.0265
2.99,0.334,2.8,3.77,2.12,-0.0224
3,0.333,2.76,3.95,2.09,-0.033
3,0.334,2.79,4.02,2.44,-0.0536
3,0.333,2.99,4.01,2.43,-0.0495
3.1,0.323,3.2,4.3,2.44,-0.02
3.09,0.324,3.25,4.56,2.53,-0.000374
3.12,0.32,3.32,4.57,2.52,0.0159
3.18,0.315,3.1,4.53,2.47,0.0307
3.3,0.303,3.14,4.71,2.47,0.0537
3.3,0.303,3.16,4.83,2.49,0.0911
3.16,0.316,3.26,4.83,2.7,0.149
3.12,0.321,3.66,4.83,2.75,0.15
3.13,0.319,3.73,4.84,2.67,0.132
3.29,0.304,3.73,4.89,2.41,0.0945
3.38,0.295,3.62,4.88,2.41,0.0776
3.34,0.3,3.56,4.79,2.45,0.0742
3.26,0.307,3.53,4.75,2.49,0.0688
3.17,0.315,3.48,4.81,2.49,0.0671
3.06,0.326,3.57,4.8,2.46,0.0529
2.85,0.351,3.69,4.63,2.45,0.0215
3.08,0.325,3.66,4.57,2.46,0.00215
3.42,0.292,3.46,4.57,2.18,-0.00282
3.53,0.283,3.24,4.6,2.23,-0.00222
3.59,0.279,3.21,4.59,2.19,0.000886
3.6,0.278,3.24,4.63,2.14,-0.00452
3.71,0.27,3.3,4.55,2.14,-0.0257
3.81,0.263,3.34,4.41,2.08,-0.0414
3.84,0.26,3.27,4.39,2.01,-0.0438
3.87,0.259,3.43,4.47,2.05,-0.0412
3.93,0.255,3.24,4.46,2.02,-0.0308
3.97,0.252,3.09,4.46,2.08,-0.0275
3.84,0.261,3.12,4.5,2.08,-0.0392
3.67,0.273,3.13,4.47,2.04,-0.0562
3.61,0.277,3.15,4.34,2.02,-0.0613
3.59,0.279,3.17,4.23,2.26,-0.062
3.48,0.287,3.06,4.22,2.3,-0.0591
3.35,0.299,3.08,4.22,2.3,-0.0343
3.36,0.298,3.09,4.06,2.17,-0.00298
3.44,0.291,3.11,3.72,2.09,0.012
3.43,0.291,3.01,3.71,2.07,0.0202
3.38,0.296,3.18,3.86,2.11,0.0258
3.33,0.301,3.31,4.04,2.24,0.0327
3.28,0.305,3.35,4.41,2.35,0.0408
3.26,0.306,3.37,4.84,2.4,0.047
3.24,0.309,3.22,5.11,2.3,0.0523
3.21,0.312,3.18,5.21,2.05,0.0709
3.1,0.323,3.26,5.26,2.08,0.113
3.01,0.332,3.35,5.3,2.08,0.139
3.02,0.331,3.3,5.31,2.11,0.0918
3.11,0.322,3.36,5.32,2.15,0.0532
3.17,0.315,3.25,5.31,2.12,0.0394
3.12,0.321,3.2,5.28,1.95,0.0192
3.14,0.319,3.08,5.22,1.67,0.021
3.19,0.314,3.01,5.08,1.66,0.0227
3.19,0.313,3.03,4.77,1.49,0.0103
3.15,0.318,3.11,4.48,1.61,-0.00175
3.11,0.321,3.29,4.53,1.97,0.000791
3.16,0.317,3.25,4.71,1.94,0.00273
3.14,0.318,3.25,4.8,2.03,0.011
2.98,0.336,3.27,4.79,2,0.0498
2.81,0.356,3.28,4.81,2.01,0.0824
2.85,0.351,3.29,4.81,2.09,0.0796
2.88,0.347,3.24,4.87,2.21,0.0673
2.87,0.349,3.21,5.01,2.23,0.0518
2.87,0.348,3.53,5.12,2.28,0.0464
2.86,0.35,3.52,5.15,2.34,0.0587
2.86,0.35,3.51,5.14,2.33,0.0632
2.82,0.354,3.27,5.08,2.15,0.0576
2.77,0.361,3.24,5.03,2.14,0.0685
2.72,0.368,3.15,5.06,2.26,0.0706
2.55,0.393,3.04,5.06,2.24,0.0475
2.43,0.412,3.03,5.02,2.27,0.0307
2.32,0.431,3.13,5.01,2.14,0.0351
2.11,0.474,3.15,4.89,2.1,0.0857
1.85,0.542,2.88,4.75,2.11,0.181
1.75,0.572,2.53,4.73,2.4,0.24
1.8,0.555,2.73,4.76,2.42,0.178
1.89,0.529,2.74,4.64,2.39,0.229
3.96,0.252,3.54,5.2,1.91,0.0128
4.06,0.246,3.49,5.32,1.83,0.00605
4.13,0.242,3.5,5.53,1.79,-0.00392
4.14,0.242,3.49,5.6,1.73,-0.00825
4.06,0.246,3.42,5.57,1.71,-0.00816
4.03,0.248,3.45,5.52,1.7,-0.00855
4.05,0.247,3.46,5.49,1.84,-0.0099
4.04,0.247,3.42,5.46,1.98,-0.0106
3.95,0.253,3.28,5.37,2.06,-0.0169
3.8,0.263,3.29,5.28,2.09,-0.0316
3.53,0.283,3.28,5.19,2.11,-0.0588
3.02,0.331,3.27,5.17,2.18,-0.113
2.44,0.41,3.2,4.87,2.2,-0.105
2.22,0.45,3.37,4.46,2.23,-0.0652
2.06,0.485,3.46,4.3,2.29,-0.0411
2.18,0.459,3.53,4.24,2.24,-0.0175
2.63,0.38,3.5,4.18,2.2,0.0149
2.81,0.355,3.47,4.22,2.06,0.0352
2.81,0.356,3.49,4.3,2,0.0363
2.78,0.36,3.49,4.24,2.08,0.0458
2.81,0.356,3.46,4.16,2.1,0.0462
3.04,0.328,3.64,4.27,2.43,0.0328
3.14,0.319,3.93,4.27,2.61,0.0399
3.56,0.281,4.01,4.33,2.6,0.0246
3.9,0.256,3.86,4.74,2.62,0.0052
3.98,0.251,3.84,4.98,2.5,-0.00117
3.92,0.255,3.77,5.04,2.5,-0.00803
3.8,0.263,3.73,5.06,2.48,-0.021
3.78,0.265,3.71,5.01,2.49,-0.0302
3.78,0.265,3.66,4.96,2.44,-0.0331
3.77,0.265,3.69,5.03,2.4,-0.0317
3.69,0.271,3.72,5.09,2.31,-0.0299
3.64,0.275,3.34,5.05,1.94,-0.0376
3.61,0.277,3.06,5.03,1.8,-0.0567
3.25,0.308,3.13,4.87,1.91,-0.107
2.97,0.336,3.16,4.55,2.02,-0.147
3.01,0.332,3.21,4.37,2.27,-0.138
3.03,0.33,3.25,4.4,2.39,-0.133
3.13,0.32,3.24,4.41,2.4,-0.0813
3.44,0.29,3.28,4.5,2.36,-0.0309
3.67,0.273,3.27,4.73,2.35,-0.0166
3.76,0.266,3.22,4.77,2.33,-0.015
3.77,0.265,3.27,4.68,2.32,-0.00943
3.74,0.268,3.24,4.64,2.36,0.000871
3.69,0.271,3.16,4.62,2.41,0.0102
3.55,0.281,3.14,4.59,2.3,0.0191
3.39,0.295,3.24,4.52,2.13,0.0311
3.32,0.301,3.17,4.42,2.02,0.0444
3.4,0.294,3.35,4.39,1.92,0.0472
3.54,0.282,3.59,4.59,1.98,0.0345
3.55,0.282,3.58,4.68,1.98,0.0252
3.54,0.282,3.58,4.45,1.9,0.0319
3.57,0.28,3.67,4.35,2.04,0.0368
3.56,0.281,3.66,4.49,2.1,0.033
3.58,0.279,3.68,4.58,1.98,0.0216
3.61,0.277,3.69,4.61,1.95,0.0108
3.62,0.276,3.69,4.62,1.99,0.00905
3.63,0.275,3.65,4.64,2.04,0.0151
3.65,0.274,3.54,4.65,2.03,0.0147
3.57,0.28,3.48,4.57,2.02,0.00913
3.38,0.296,3.38,4.36,1.99,0.0113
3.29,0.304,3.38,3.98,2.05,0.00852
3.22,0.311,3.36,3.87,2.04,-0.00751
3.2,0.312,3.22,3.8,1.81,-0.0176
3.19,0.313,3.18,3.77,1.78,-0.0158
3.13,0.319,3.08,3.76,1.88,-0.00037
3.1,0.323,3.02,3.7,2.2,0.0136
3.28,0.305,3.34,3.87,2.25,-0.00449
3.65,0.274,3.45,4.17,2.25,-0.0211
3.81,0.262,3.49,4.34,2.27,-0.0191
3.79,0.264,3.43,4.45,2.32,-0.0205
3.74,0.267,3.53,4.48,2.35,-0.0294
3.65,0.274,3.54,4.52,2.27,-0.0308
3.59,0.279,3.54,4.52,2.26,-0.0336
3.58,0.28,3.68,4.45,2.34,-0.0386
3.59,0.279,3.76,4.41,2.37,-0.0365
3.77,0.265,3.8,4.48,2.28,-0.0248
4.09,0.245,3.76,4.49,2.01,-0.0145
4.12,0.242,3.52,4.39,2.02,-0.012
3.99,0.251,3.5,4.22,2.02,-0.00927
4.1,0.244,3.53,4.09,1.95,-0.00417
4.25,0.235,3.51,3.95,1.86,-0.000959
4.23,0.237,3.44,3.85,1.93,-0.00176
4.26,0.234,3.46,3.8,1.92,-0.000867
4.39,0.228,3.42,3.7,1.9,0.00197
4.46,0.224,3.28,3.66,1.8,0.000912
4.44,0.225,3.15,3.62,1.7,-0.000292
4.29,0.233,3.06,3.72,1.68,0.00212
4.07,0.246,3.12,3.88,1.6,0.011
4.01,0.249,3.16,3.87,1.54,0.0197
3.96,0.253,3.11,3.66,1.57,0.0218
3.7,0.27,3.11,3.49,1.68,0.0236
3.49,0.286,2.93,3.42,1.57,0.0247
3.46,0.289,2.99,3.45,1.54,0.0202
3.24,0.309,3,3.42,1.53,0.0161
3,0.333,3.12,3.39,1.52,0.0197
2.97,0.337,3.04,3.36,1.51,0.0218
3.02,0.331,3.18,3.1,1.54,0.0155
2.94,0.34,3.21,2.8,1.55,-0.00258
2.74,0.365,3.14,2.5,1.53,-0.0285
2.68,0.373,3.31,2.41,1.5,-0.0297
3.05,0.328,3.47,2.53,1.5,-0.0119
3.5,0.286,3.51,2.73,1.37,0.0101
3.74,0.268,3.57,2.85,1.36,0.0269
3.91,0.255,3.55,2.83,1.32,0.0244
4.04,0.248,3.68,2.85,1.34,0.0169
4.04,0.248,3.66,2.89,1.56,0.0219
3.46,0.289,3.17,3.85,2.76,-0.00536
3.51,0.285,3.27,3.84,2.79,-0.00247
3.46,0.289,3.48,3.96,2.77,-0.00265
3.52,0.284,3.43,4.52,2.73,-0.00589
3.51,0.285,3.45,5.01,2.74,-0.0207
3.49,0.287,3.42,5.15,2.67,-0.041
3.59,0.278,3.37,5.18,2.44,-0.0495
3.66,0.273,3.37,5.27,2.48,-0.0516
3.67,0.272,3.48,5.36,2.5,-0.0502
3.77,0.265,3.37,5.39,2.44,-0.0435
3.76,0.266,3.35,5.39,2.48,-0.0471
3.74,0.267,3.37,5.39,2.57,-0.0549
3.73,0.268,3.27,5.4,2.58,-0.0572
3.71,0.269,3.09,5.37,2.52,-0.0612
3.69,0.271,3.05,5.1,2.48,-0.0665
3.6,0.278,3.01,4.83,2.32,-0.0704
3.54,0.282,2.98,4.9,2.33,-0.0691
3.41,0.293,2.96,4.96,2.33,-0.0652
3.26,0.307,2.78,4.81,2.24,-0.0527
3.18,0.314,2.84,4.57,2.35,-0.0486
3.06,0.327,2.95,4.54,2.41,-0.0596
3.05,0.328,2.97,4.76,2.31,-0.0442
3.28,0.305,2.99,4.9,2.28,-0.0307
3.33,0.3,2.87,4.92,2.23,-0.0383
3.33,0.301,2.95,4.98,2.44,-0.0356
3.28,0.305,3.06,4.96,2.46,-0.0312
3.3,0.303,3.1,4.86,2.49,-0.0294
3.36,0.298,3.28,4.74,2.53,-0.0286
3.37,0.296,3.24,4.7,2.54,-0.0283
3.36,0.298,3.21,4.69,2.54,-0.0324
3.32,0.301,3.17,4.65,2.45,-0.0367
3.23,0.309,3.13,4.45,2.43,-0.0386
2.95,0.338,3.1,4.04,2.41,-0.0471
2.64,0.379,3.15,3.94,2.42,-0.0491
2.61,0.383,3.17,3.88,2.4,-0.0553
2.54,0.394,3.18,3.75,2.35,-0.0653
2.4,0.417,3.02,3.71,2.34,-0.09
2.17,0.46,2.91,3.66,2.28,-0.144
2.09,0.479,2.88,3.71,2.25,-0.189
2.1,0.476,2.93,4.05,2.23,-0.184
2.07,0.484,3,4.35,2.2,-0.15
2.14,0.467,3.07,4.4,2.18,-0.134
2.29,0.437,3.16,4.41,2.19,-0.105
2.49,0.402,3.17,4.41,2.41,-0.0594
2.73,0.367,3.19,4.4,2.45,-0.036
2.86,0.349,3.15,4.42,2.4,-0.0316
3.11,0.322,3.09,4.36,2.23,-0.00468
3.22,0.311,3.07,4.29,2.31,0.0223
3.23,0.31,3.01,4.43,2.31,0.0376
3.22,0.311,3.26,4.45,2.45,0.0471
3.31,0.302,3.32,4.38,2.47,0.035
3.74,0.267,3.23,4.85,2.48,0.00305
4.16,0.24,3.26,5.17,2.75,-0.0118
4.38,0.228,3.15,5.35,2.78,-0.01
4.38,0.228,3.06,5.46,2.71,-0.00793
4.36,0.229,3,5.48,2.81,-0.00803
4.34,0.23,3.04,5.48,2.85,-0.00826
4.34,0.23,3.05,5.54,2.88,-0.011
4.33,0.231,3.41,5.58,3.11,-0.0137
4.35,0.23,3.66,5.55,3.21,-0.0133
4.44,0.225,4,5.57,3.48,-0.00678
4.43,0.226,4.45,5.56,3.54,-0.00331
4.18,0.239,4.49,5.47,3.48,0.00798
3.79,0.264,4.48,5.41,3.45,0.021
3.56,0.281,4.51,5.3,3.45,0.0154
3.51,0.285,4.59,5.23,3.43,0.0122
3.46,0.289,4.61,5.26,3.42,0.0128
3.44,0.291,4.63,5.43,3.4,0.00857
3.59,0.279,4.61,5.59,3.37,-0.00691
3.67,0.273,4.51,5.66,3.24,-0.012
3.59,0.279,4.27,5.66,2.86,-0.0212
3.38,0.296,4.02,5.57,2.66,-0.0637
3.28,0.305,3.39,5.41,2.5,-0.107
3.22,0.31,3.65,5.21,2.5,-0.124
3.23,0.31,3.63,5.12,2.28,-0.123
3.26,0.306,3.54,5.15,2.44,-0.122
3.27,0.306,3.48,5.15,2.38,-0.119
3.28,0.305,3.39,4.96,2.33,-0.118
3.04,0.329,3.36,4.44,2.34,-0.155
2.77,0.361,3.44,3.72,2.28,-0.151
2.84,0.352,3.56,3.33,2.28,-0.104
3.05,0.328,3.55,3.36,2.19,-0.0608
3.21,0.312,3.51,3.48,2.18,-0.03
3.25,0.307,3.3,3.54,2.17,-0.0103
3.23,0.309,3.3,3.82,2.25,0.00294
3.19,0.313,3.29,4.07,2.27,0.0215
3.24,0.309,3.49,4.06,2.16,0.0316
3.35,0.299,3.54,4.05,2.39,0.0359
3.49,0.287,3.53,4.22,2.34,0.0407
3.6,0.278,3.52,4.29,2.35,0.0387
3.59,0.279,3.44,4.41,2.34,0.0354
3.5,0.286,3.25,4.54,2.38,0.0361
3.35,0.298,3.28,4.56,2.4,0.0371
3.18,0.315,3.37,4.6,2.43,0.0426
3.15,0.317,3.36,4.65,2.67,0.0434
3.34,0.299,3.29,4.51,2.6,0.0319
3.35,0.299,3.25,4.32,2.6,0.0318
3.29,0.304,2.83,4.31,2.47,0.0206
3.31,0.302,2.8,4.29,2.39,0.0002
3.31,0.302,2.79,4.17,2.43,-0.00623
3.28,0.305,2.72,4.08,2.42,0.00302
3.23,0.31,2.73,4.03,2.43,0.00474
3.25,0.308,2.89,4,2.44,-0.00166
3.32,0.301,3.01,4.1,2.32,-0.00793
3.37,0.296,2.94,4.2,2.16,-0.0142
3.22,0.311,2.87,4.28,1.93,-0.0133
3.82,0.262,3.31,5.41,3.22,0.034
3.94,0.254,3.29,5.54,3.18,0.0229
3.93,0.254,3.37,5.62,3.12,0.0177
3.88,0.258,3.34,5.67,2.76,0.0156
3.7,0.271,3.12,5.56,2.72,0.0167
3.37,0.296,3.13,5.3,2.64,0.0344
3.16,0.316,3.21,5.1,2.58,0.0526
3.3,0.303,3.37,5.01,2.51,0.0295
3.44,0.291,3.49,5.03,2.37,0.0147
3.43,0.292,3.62,5.12,2.27,0.0121
3.4,0.294,3.78,5.08,2.14,0.0093
3.23,0.309,3.93,4.88,2.17,0.0112
3.14,0.318,4.08,4.72,2.16,0.0223
3.12,0.32,4.02,4.61,2.15,0.0175
3.18,0.315,4.03,4.55,2.17,0.0215
3.35,0.299,4.07,4.57,2.24,0.0282
3.53,0.283,4.18,4.55,2.28,0.0141
3.65,0.274,4.1,4.55,2.24,0.000258
3.78,0.265,4.1,4.54,2.25,0.00143
3.86,0.259,4.13,4.42,2.09,0.0112
3.96,0.253,4.11,4.31,1.98,0.0125
4.03,0.248,3.92,4.37,1.88,0.00601
4.12,0.243,3.78,4.53,1.96,-0.00179
4.2,0.238,3.7,4.61,2.15,-0.0034
4.25,0.235,3.69,4.61,2.09,-0.00205
4.21,0.238,3.66,4.56,2.05,-0.00554
4.2,0.238,3.9,4.53,2.32,-0.00859
4.32,0.231,3.85,4.79,2.39,-0.00705
4.3,0.233,4.1,5.08,2.85,-0.00696
4.18,0.239,4.19,5.14,3.17,-0.00726
4.08,0.245,4.22,5.25,3.64,-0.0125
4.04,0.247,4.31,5.35,3.71,-0.0124
4,0.25,4.35,5.32,3.75,-0.00619
3.92,0.255,4.52,5.23,3.72,-0.00735
3.93,0.255,4.52,5.17,3.72,-0.0103
3.95,0.253,4.57,5.25,3.75,-0.00804
3.96,0.252,4.54,5.37,3.75,-0.00843
3.78,0.264,4.47,5.34,3.69,-0.00623
3.37,0.296,4.4,5.19,3.63,-0.00126
3.32,0.301,4.24,5.28,3.51,-0.00831
3.28,0.305,4.11,5.45,3.17,-0.0169
3.23,0.309,3.93,5.39,2.58,-0.0127
3.12,0.32,3.84,5.34,2.38,-0.019
3.07,0.326,3.71,5.32,2.24,-0.0284
2.93,0.342,3.42,5.3,2.28,-0.013
2.64,0.379,3.31,5.26,2.31,-0.0128
3,0.333,3.31,5.12,2.49,-0.0459
3.17,0.316,3.27,5,2.42,-0.0673
3.14,0.318,3.2,5.01,2.41,-0.0922
3.19,0.314,3.23,4.94,2.43,-0.0879
3.21,0.312,3.14,4.54,2.33,-0.0737
3.21,0.312,3.06,4.03,2.29,-0.0719
3.21,0.311,3.07,3.79,2.28,-0.0707
3.23,0.31,3.18,3.77,2.48,-0.067
3.24,0.309,3.3,3.76,2.51,-0.0642
3.24,0.309,3.2,3.83,2.83,-0.0622
3.08,0.325,3.31,3.97,2.91,-0.0621
2.79,0.359,3.29,3.99,2.85,-0.0341
2.89,0.346,3.67,4.3,2.93,0.0101
3.19,0.313,3.73,5.03,3.09,0.0311
3.56,0.281,3.76,5.58,3.14,0.0122
3.6,0.278,3.86,5.76,3.15,0.00593
3.66,0.273,3.87,5.77,3.14,0.00777
3.68,0.272,3.86,5.78,3.11,0.00693
3.68,0.272,3.77,5.78,3.05,0.00558
3.68,0.272,3.74,5.78,3.02,0.00348
3.64,0.275,3.74,5.76,2.61,0.000433
3.63,0.276,3.7,5.74,2.53,-0.000781
3.58,0.279,3.61,5.73,2.36,0.000839
3.43,0.291,3.16,5.57,2.06,-0.00508
3.02,0.331,3.16,4.91,1.8,-0.0119
2.64,0.378,3.03,3.66,1.67,0.00449
2.71,0.37,2.95,2.95,1.61,0.00365
2.88,0.348,2.93,2.78,1.7,-0.0272
3.07,0.326,3.01,2.53,1.74,-0.0352
3.2,0.313,3.03,2.67,1.9,-0.033
3.23,0.31,2.98,3.25,1.9,-0.0263
3.22,0.311,2.76,3.58,2.03,-0.0223
3.28,0.305,2.85,3.84,1.99,-0.0274
3.47,0.288,2.79,4.06,1.98,-0.0361
3.56,0.281,3.11,4.09,2.06,-0.04
3.59,0.278,3.18,4.2,2.07,-0.0471
3.63,0.275,3.17,4.34,2.16,-0.0581
3.57,0.28,3.18,4.41,2.12,-0.0636
3.44,0.291,3.21,4.45,2.26,-0.0562
3.26,0.307,3.23,4.42,2.24,-0.0572
3.16,0.316,3.2,4.38,2.24,-0.0668
3.25,0.307,3.35,4.54,2.24,-0.0625
3.55,0.282,3.46,4.91,2.23,-0.0415
3.67,0.272,3.42,4.98,2.27,-0.0294
3.61,0.277,3.53,4.9,2.28,-0.0217
3.55,0.282,3.38,4.9,2.14,-0.0156
3.48,0.287,3.31,4.85,2.13,-0.00373
3.45,0.29,3.35,4.82,2.1,0.0118
3.45,0.29,3.42,4.84,2.09,0.0181
3.52,0.284,3.49,4.9,2.03,0.0142
3.61,0.277,3.5,4.95,2.02,0.0105
3.59,0.278,3.48,4.93,1.94,0.00903
3.47,0.288,3.3,4.72,1.81,0.00936
3.21,0.312,3.28,4.2,1.88,-0.000144
3,0.333,3.26,3.92,1.92,-0.0365
2.99,0.334,3.05,3.94,2,-0.0529
3.02,0.331,3.08,3.93,2.14,-0.0544
3.07,0.325,3.15,3.98,2.2,-0.0528
3.04,0.329,3.26,4.14,2.2,-0.0519
2.96,0.338,3.21,4.5,2.18,-0.052
3.54,0.283,2.93,4.58,1.88,-0.0471
3.44,0.291,2.82,4.35,1.86,-0.0498
2.95,0.339,2.88,4.07,1.92,-0.0769
2.55,0.393,2.82,4.03,1.95,-0.0979
2.64,0.379,2.87,4.08,1.9,-0.0434
2.62,0.381,2.99,4.1,1.78,-0.0234
2.74,0.364,3.08,4.11,1.86,-0.0264
2.94,0.34,3.16,4.33,1.88,-0.0305
2.95,0.339,3.18,4.67,1.86,-0.0373
2.89,0.346,3.14,4.87,1.84,-0.05
2.88,0.348,3.24,5,1.87,-0.0509
2.9,0.345,3.24,5.07,1.83,-0.0418
2.9,0.345,3.21,5,1.76,-0.0297
2.94,0.34,3.07,4.95,1.77,-0.0104
2.97,0.337,3.09,4.98,1.76,0.0123
3.02,0.332,3.19,5,1.85,0.0241
3.12,0.321,3.09,5.02,1.82,0.0262
3.03,0.33,2.93,4.97,1.77,0.0468
2.98,0.336,3.14,4.8,1.73,0.0676
3.01,0.332,3.16,4.61,1.68,0.0635
3.14,0.319,3.16,4.45,1.73,0.0496
3.32,0.302,3.15,4.18,1.71,0.0297
3.44,0.291,3.58,3.96,1.69,0.0219
3.51,0.285,3.76,4.02,1.58,0.0177
3.44,0.291,3.8,4.13,1.64,0.00638
3.33,0.301,3.82,4.24,1.78,-0.00723
3.24,0.309,3.82,4.23,1.77,-0.00845
3.25,0.308,3.81,4.21,1.78,0.00245
3.27,0.306,3.85,4.26,1.76,0.00621
3.32,0.301,3.82,4.29,1.81,0.0152
3.38,0.296,3.83,4.34,1.97,0.0226
3.29,0.303,3.82,4.43,2,0.0308
3.12,0.32,3.75,4.45,2.05,0.0526
2.98,0.335,3.38,4.46,2.17,0.0699
2.91,0.344,3.29,4.4,2.17,0.0816
3.09,0.323,3.19,4.34,2.05,0.0663
3.33,0.301,3.18,4.36,1.99,0.0452
3.37,0.297,3.22,4.44,2.04,0.0261
3.32,0.301,3.2,4.48,2.07,0.0225
3.41,0.294,3.19,4.56,2.06,0.0354
3.36,0.298,3.03,4.59,2,0.0372
3.28,0.305,2.99,4.49,1.8,0.0384
3.23,0.31,3.08,4.44,1.7,0.0429
3.25,0.308,3.12,4.42,1.61,0.0375
3.33,0.3,3.13,4.44,1.49,0.0303
3.44,0.291,3.12,4.49,1.54,0.039
3.41,0.293,3.15,4.44,1.56,0.048
3.34,0.299,3.15,4.39,1.69,0.0645
3.41,0.294,2.89,4.32,1.47,0.0701
3.53,0.283,2.92,4.24,1.59,0.0496
3.73,0.268,3.06,4.36,1.95,0.0206
3.91,0.256,3.05,4.9,2.03,0.00562
3.95,0.253,3.01,5.25,2.06,0.0035
3.95,0.253,3.02,5.32,2.13,0.00321
3.91,0.256,3,5.35,2.1,0.00581
3.83,0.261,2.9,5.39,2.1,0.00462
3.8,0.263,2.83,5.42,2.09,-0.00275
3.73,0.268,2.83,5.4,2.04,-0.0103
3.75,0.267,3.02,5.35,2.09,-0.0071
3.67,0.272,3.16,5.34,2.12,-0.00761
3.41,0.293,2.92,5.33,1.83,-0.0151
3.01,0.332,2.94,5.19,1.69,-0.0128
2.79,0.358,3.04,4.77,1.68,-0.0052
2.85,0.351,3.08,4.21,1.75,-0.013
2.91,0.343,2.99,4,1.74,-0.0246
2.9,0.345,3.02,4.02,1.78,-0.0329
2.85,0.351,3.2,4.1,1.97,-0.0271
2.78,0.36,3.27,4.43,2.03,-0.00838
2.71,0.369,3.25,4.58,1.91,0.0109
2.63,0.38,2.96,4.75,1.9,0.00483
2.67,0.374,2.89,5.23,1.92,-0.00196
2.78,0.36,2.96,5.67,2,-0.00106
2.8,0.357,2.89,5.79,1.94,-0.00514
2.89,0.345,2.97,5.79,2.09,-0.00246
2.92,0.342,2.99,5.81,2.02,0.014
2.95,0.339,3.08,5.82,2.18,0.0289
2.98,0.336,3.04,5.78,2.12,0.0321
2.97,0.336,3,5.69,2.1,0.0281
3.01,0.333,3.02,5.62,2.07,0.021
3.04,0.329,3.02,5.6,2.11,0.021
3.06,0.327,3.12,5.53,2.21,0.0273
3.03,0.33,3.25,5.17,2.29,0.0366
2.98,0.335,3.29,4.42,2.26,0.059
3.1,0.323,3.29,4.06,2.23,0.1
3.21,0.312,3.26,3.91,2.06,0.118
3.15,0.318,3.25,3.78,2.04,0.138
3.14,0.319,3.22,4.01,1.96,0.123
3.3,0.303,3.19,4.18,1.9,0.0718
3.43,0.291,3.17,4.18,1.91,0.0484
3.48,0.287,3.33,4.16,2,0.0407
3.48,0.287,3.4,4.26,1.93,0.0268
3.48,0.287,3.35,4.31,1.78,0.0102
3.5,0.286,3.2,4.3,1.65,0.00495
3.5,0.285,3.17,4.28,1.73,-0.00463
3.52,0.284,3.16,4.24,1.81,-0.0183
3.47,0.288,3.12,4.24,1.83,-0.0327
3.46,0.289,3.16,4.22,1.76,-0.0363
3.42,0.292,3.19,4.09,1.86,-0.0324
3.46,0.289,3.17,4.02,1.88,-0.0282
3.47,0.288,3.09,4.02,1.82,-0.0288
3.38,0.296,2.99,4,1.74,-0.0336
3.34,0.299,2.83,4.05,1.68,-0.0335
3.42,0.292,2.84,4.04,1.78,-0.0319
3.46,0.289,2.9,4,1.81,-0.0344
3.35,0.298,3.12,3.87,2.1,-0.0377
3.37,0.297,3.28,3.8,2.16,-0.023
4.4,0.227,3.19,5.35,2.22,-0.0165
4.04,0.248,3.04,4.81,2.12,-0.028
3.56,0.281,3,4.52,2.15,-0.0645
3.5,0.286,2.89,4.35,2.06,-0.0701
3.5,0.286,2.87,4.18,2.05,-0.047
3.53,0.283,2.75,4.08,1.88,-0.0274
3.52,0.284,2.63,3.97,1.59,-0.0176
3.44,0.29,2.61,4.04,1.55,-0.00971
3.22,0.311,2.59,3.96,1.55,-0.00203
2.8,0.357,2.62,3.82,1.64,0.0362
2.63,0.38,2.75,3.74,1.67,0.0998
2.68,0.373,2.96,3.71,1.72,0.116
2.75,0.364,3.08,3.78,1.76,0.103
2.69,0.372,3.01,3.82,1.64,0.0807
2.62,0.381,3.04,3.81,1.76,0.0693
2.64,0.379,2.9,3.82,1.79,0.0552
2.65,0.377,2.96,3.78,1.84,0.032
2.8,0.357,2.93,3.55,1.78,0.0131
3.02,0.331,2.93,3.39,1.73,0.0202
3.12,0.32,3.02,3.53,1.98,0.0335
3.1,0.322,3.06,3.89,2.1,0.038
3.14,0.318,2.94,4.55,2.11,0.0384
3.34,0.3,2.86,4.93,2.17,0.0459
3.41,0.294,2.81,5.01,2.12,0.0558
3.4,0.294,2.82,5,2.15,0.0641
3.38,0.296,2.94,5.08,2.2,0.0532
3.34,0.299,3.05,5.2,2.23,0.0219
3.31,0.302,3.23,5.31,2.46,0.00783
3.22,0.311,3.26,5.37,2.49,0.00362
3.07,0.326,3.36,5.38,2.57,-0.00987
3.03,0.33,3.38,5.36,2.34,-0.036
3.16,0.316,3.43,5.22,2.32,-0.0479
3.22,0.31,3.45,4.86,2.29,-0.0643
3.13,0.32,3.38,4.64,2.24,-0.109
3.06,0.327,3.35,4.67,2.24,-0.149
3.04,0.329,3.29,4.65,2.2,-0.149
2.98,0.336,3.28,4.49,2.09,-0.147
2.91,0.343,3.22,4.27,1.99,-0.134
2.85,0.35,3.05,4.14,1.78,-0.135
2.81,0.355,3.04,4.15,1.76,-0.131
2.79,0.358,2.82,4.15,1.58,-0.133
2.69,0.372,2.73,4.09,1.61,-0.12
2.38,0.421,2.69,4.11,1.63,-0.168
2.07,0.484,2.86,4.09,1.74,-0.271
1.86,0.539,2.85,4.05,1.75,-0.222
2.04,0.49,2.9,4.04,1.82,-0.0845
2.1,0.476,2.89,3.98,1.75,-0.0898
2.23,0.449,2.79,4.03,1.71,-0.035
2.51,0.399,2.93,4.1,1.71,0.0136
2.62,0.381,2.96,4.09,1.59,0.0127
2.62,0.381,2.97,4.11,1.79,0.00959
2.63,0.381,3.09,4.21,1.9,0.0245
2.7,0.371,3.1,4.23,1.92,0.0439
2.69,0.372,3.07,4.33,1.87,0.0568
2.68,0.373,2.99,4.63,1.81,0.0648
2.91,0.344,3.01,4.72,1.91,0.0617
3.06,0.327,2.95,4.76,1.94,0.0582
3.08,0.324,2.94,4.8,2.04,0.0562
3.01,0.332,3.03,4.76,2.13,0.0459
3.01,0.332,3.09,4.74,2.13,0.0376
3.18,0.315,3.14,4.69,2.11,0.0356
3.22,0.31,3.18,4.64,2.07,0.033
3.27,0.306,3.07,4.67,1.95,0.0218
3.25,0.308,3.03,4.64,1.95,0.0158
3.21,0.311,2.99,4.4,2.04,0.0154
3.14,0.318,3.08,4.03,2.07,0.0109
3.02,0.331,3.08,3.97,2.06,0.00425
3.03,0.33,3.24,3.9,2,0.00966
3.1,0.323,3.25,3.75,1.84,0.00832
3.11,0.321,3.2,3.55,1.73,0.0021
2.94,0.34,2.93,3.52,1.78,0.0109
2.9,0.344,2.81,3.59,1.93,0.0266
2.98,0.335,2.89,3.45,1.89,0.0386
2.92,0.342,2.89,3.25,1.91,0.0415
2.99,0.335,3.05,3.34,1.98,0.0208
3.1,0.322,3.06,3.32,1.86,0.0227
3.15,0.318,3.02,3.31,1.78,0.0353
3.1,0.323,3.09,3.44,1.72,0.0454
3.02,0.331,3.04,3.48,1.78,0.0487
2.93,0.342,3.09,3.43,1.82,0.0524
3,0.333,3.14,3.78,1.88,0.0463
3.05,0.328,3.22,4.17,1.99,0.0356
2.88,0.348,3.18,4.27,1.99,0.0324
2.81,0.356,3.32,4.28,2.19,0.0309
2.77,0.361,3.26,4.28,2.14,0.0453
2.64,0.379,3.14,4.25,2.14,0.0822
2.42,0.413,3.21,4.3,2.19,0.0832
2.3,0.434,3.24,4.39,2.3,0.0485
2.22,0.451,3.27,4.38,2.34,0.0193
2.16,0.463,3.29,4.45,2.41,-0.0102
2.1,0.476,3.24,4.77,2.4,-0.0203
1.86,0.537,3.24,4.92,2.32,0.0151
2.22,0.451,3.18,4.83,2.21,0.0405
2.57,0.388,3.06,4.85,2.24,0.0426
2.6,0.385,3,4.86,2.04,0.0398
2.75,0.363,2.98,4.88,2.04,0.033
2.8,0.357,3.01,4.94,2.03,0.0195
2.93,0.341,2.95,4.93,2,0.0328
3.18,0.314,3.11,4.87,2.05,0.03
3.32,0.301,3.02,4.81,2.03,0.024
3.33,0.3,3.12,4.58,1.95,0.0376
3.61,0.277,3.15,4,1.94,0.0265
3.99,0.25,3.17,3.67,1.91,0.00599
4.16,0.24,3.25,3.93,1.86,-0.00725
4.21,0.237,3.18,4.03,1.74,-0.0133
4.21,0.238,3.23,4.04,1.74,-0.0147
4.21,0.238,3.28,3.98,1.95,-0.0124
3.01,0.333,3.29,3.91,2.2,0.0234
3.03,0.33,3.3,4,2.32,0.0132
3.04,0.329,3.34,4.01,2.3,0.0129
3.02,0.331,3.28,3.92,2.3,0.0213
3.07,0.325,3.2,3.86,2.26,0.0274
3.12,0.321,3.21,3.91,2.26,0.0154
2.88,0.347,2.92,3.92,2.08,0.0171
2.81,0.356,2.75,3.96,2.05,0.0302
2.74,0.365,2.62,3.99,1.87,0.0274
2.44,0.41,2.64,4,1.91,0.0147
2.22,0.45,2.77,3.98,1.86,0.00367
2.44,0.41,2.92,3.87,1.77,0.00931
2.71,0.369,2.93,3.89,1.71,-0.00805
2.98,0.335,2.9,4.09,1.64,-0.0345
3.07,0.325,2.97,4.12,1.66,-0.0514
3.01,0.333,3.12,4.08,1.75,-0.0533
3.17,0.315,3.1,3.98,1.77,-0.0282
3.2,0.313,3.11,3.82,1.82,-0.0225
3.18,0.314,3.2,3.82,1.78,-0.022
3.19,0.314,3.43,3.86,1.91,-0.0245
3.24,0.308,3.44,3.83,1.95,-0.0279
3.28,0.305,3.36,3.83,1.96,-0.0358
3.18,0.314,3.2,3.86,1.87,-0.0404
2.94,0.34,3.24,3.88,1.87,-0.0329
2.72,0.367,3.3,3.86,1.91,-0.0174
2.71,0.369,3.19,3.84,1.83,0.00271
2.6,0.385,3.03,3.82,1.81,0.00384
2.46,0.406,3.34,3.89,1.93,-0.0237
2.47,0.405,3.32,3.83,1.91,-0.0282
2.56,0.39,3.3,3.73,1.93,0.00638
2.72,0.368,2.98,3.72,1.77,0.0294
2.83,0.354,3,3.72,1.74,0.0244
2.87,0.349,3.08,3.69,1.81,0.0332
2.9,0.345,3.21,3.49,1.84,0.0468
2.97,0.337,3.2,3.23,1.9,0.0496
2.97,0.336,3.3,3.22,1.98,0.053
3,0.333,3.36,3.34,1.99,0.0433
3.1,0.322,3.33,3.51,2.03,0.0228
3.16,0.316,3.1,3.84,1.88,0.00239
3.16,0.317,3.04,4.35,1.85,-0.00831
3.18,0.314,3.02,4.66,1.8,-0.0184
3.16,0.317,3.17,4.68,1.87,-0.0224
3.22,0.31,3.18,4.69,1.78,-0.0145
3.37,0.297,3.11,4.71,1.96,-0.00988
3.44,0.29,2.99,4.7,1.9,-0.0167
3.48,0.288,3.12,4.69,1.78,-0.0204
3.48,0.287,3.16,4.71,1.81,-0.0227
3.43,0.291,3.13,4.73,1.75,-0.0259
3.31,0.302,3.04,4.67,1.71,-0.0195
3.27,0.306,3.09,4.51,1.77,-0.0133
3.25,0.308,3.12,4.11,1.96,-0.0133
3.26,0.306,3.18,3.6,1.98,-0.00113
3.27,0.306,3.13,3.52,1.92,0.0123
3.16,0.316,3.09,3.4,1.85,0.00676
2.96,0.338,3.09,3.5,1.75,0.00609
2.72,0.368,3.15,3.79,1.77,0.024
2.69,0.372,3.01,4.06,1.68,0.0288
2.84,0.352,2.86,4.43,1.82,0.0499
2.97,0.337,3.07,4.57,1.9,0.0863
3.02,0.332,3.13,4.57,1.89,0.0988
3.06,0.326,3.13,4.57,1.89,0.0906
3.08,0.325,3.03,4.55,1.69,0.0898
2.98,0.336,2.94,4.56,1.64,0.0797
2.82,0.355,3,4.58,1.66,0.0732
2.88,0.348,2.96,4.68,1.56,0.0713
2.96,0.338,2.92,4.72,1.53,0.0692
3,0.334,2.99,4.69,1.68,0.0695
3.06,0.326,2.98,4.73,1.71,0.0779
3.22,0.311,2.89,4.74,1.5,0.0642
3.24,0.308,2.71,4.69,1.54,0.0384
3.27,0.305,2.61,4.72,1.68,0.0328
3.23,0.31,3.06,4.82,1.7,0.0342
3.24,0.309,3.06,4.83,1.69,0.0302
3.39,0.295,3.17,4.91,1.75,0.0196
3.58,0.279,3.32,5.06,1.94,0.00167
3.75,0.266,3.37,5.24,1.96,-0.0153
3.78,0.264,3.34,5.44,1.92,-0.0213
3.77,0.265,3.32,5.45,1.89,-0.026
3.67,0.273,3.31,5.34,1.93,-0.0437
3.52,0.284,3.32,5.3,1.91,-0.0626
3.46,0.289,3.4,5.3,2.1,-0.0666
3.45,0.29,3.32,5.25,1.98,-0.0717
3.45,0.29,3.09,5.22,1.98,-0.0667
3.39,0.295,3.12,5.26,2.07,-0.065
3.18,0.315,2.89,5.22,2,-0.0702
2.57,0.389,2.68,5.01,1.92,-0.064
2.05,0.489,2.64,4.58,2.03,0.0264
1.87,0.534,2.71,4.11,2.19,0.0715
1.73,0.579,2.68,3.94,2.25,0.0655
1.72,0.581,2.76,4.03,2.22,0.0657
1.71,0.585,2.81,4.15,2.18,0.0733
1.8,0.556,2.71,4.21,2.01,0.0945
1.91,0.524,2.76,4.24,2.05,0.0898
2.01,0.498,2.81,4.22,2.11,0.0414
2.12,0.472,2.85,4.12,2.11,0.00681
2.39,0.419,3.05,4,2.17,0.00658
2.86,0.35,3.19,4.14,2.18,0.0388
3.25,0.308,3.25,4.49,2.04,0.0494
3.34,0.299,3.23,4.69,1.91,0.0445
3.33,0.3,3.26,4.73,1.8,0.0471
3.34,0.299,3.31,4.73,1.82,0.0564
3.46,0.289,3.32,4.73,1.79,0.0606
3.51,0.285,3.28,4.77,1.85,0.0564
3.49,0.287,3.46,4.81,1.82,0.0576
3.51,0.285,3.54,4.82,1.69,0.0522
3.53,0.283,3.52,4.83,1.76,0.0481
3.45,0.29,3.34,4.84,1.85,0.0491
